0.5444444666666675
0.2866666666666653
0.8899999999999997
0.2599999999999998
0.5177777999999993
0.15333333333333332
0.48888886666666576
0.9122222000000004
0.36666666666666625
0.15999999999999925
0.10555553333333378
0.27111113333333403
1.1066666666666665
0.4566666666666661
0.5388888666666665
0.13555519999999976
0.5088888666666671
0.38555553333333314
0.8799999999999999
0.24444446666666586
2.2277777333333324
1.0733333333333333
0.6600000000000001
0.08666666666666689
0.5200000000000005
2.4699999999999998
0.4733333333333336
0.03666666666666707
0.4233333333333338
0.379999999999999
0.0844444666666666
0.02111113333333403
0.39999999999999947
0.0255555333333346
0.12333333333333307
0.4422222000000007
0.20777780000000146
0.7066666666666661
0.29444446666666746
0.2400000000000002
1.169999999999999
0.5988888666666661
0.04111113333333272
0.7866666666666662
0.09999999999999964
0.15555553333333183
0.629999999999999
3.33
0.5722225333333331
0.4066666666666663
0.413333333333334
0.25444446666666654
0.3055555333333331
1.9322222
0.11333333333333329
0.031111133333333818
0.02000000000000135
0.09555553333333311
0.9722221999999991
0.4466666666666663
0.06666666666666554
0.6699999999999999
0.6866666666666674
0.7155555333333332
0.2233333333333336
0.16000000000000014
0.6155555333333327
0.07666666666666622
0.02111113333333403
0.5122222000000001
0.6833333333333345
0.5266666666666664
0.034444466666666784
0.6966666666666672
0.48666699999999974
0.9588888666666664
1.2122222000000002
1.2855555333333317
0.040000000000000036
2.8100000000000005
0.8188885333333333
1.305555533333333
0.9233333333333338
0.1711111333333335
0.02666666666666817
0.7977778000000004
0.5200000000000005
1.0811111333333319
0.323332999999999
0.4922222666666656
1.0655556000000015
0.6222222000000004
0.2999999999999998
0.5866666666666651
0.6433333333333335
0.2211111333333342
0.302222200000001
0.47333333333333183
0.9244444666666665
0.25888893333333307
0.6533333333333333
0.7799999999999985
0.15333333333333332
0.7766666666666655
0.9899999999999993
1.1833333333333327
1.3533333333333335
0.7400000000000002
0.28000000000000025
1.144444466666667
0.06777780000000089
0.7388888666666675
0.16666666666666696
1.126666666666666
0.42888886666666703
0.41666666666666696
0.6233333333333322
1.0822222000000004
0.583333333333333
0.3077778000000011
0.16888893333333233
0.20000000000000018
1.4733333333333327
0.5533333333333328
1.0
1.0077778000000004
0.28777780000000064
0.12333333333333396
0.9733333333333336
1.111111133333334
0.7422222000000005
0.0600000000000005
0.48444446666666696
1.4733333333333336
0.04444446666666657
1.2599996666666664
0.9577778000000006
0.4266666666666685
1.0311111333333338
0.4311111333333342
0.7599999999999998
0.9122222000000013
0.9866666666666664
0.9600000000000009
0.8633333333333333
0.4899999999999993
0.5266663333333321
0.7333333333333334
0.12111113333333279
0.7566666666666668
0.06555559999999971
0.31333333333333346
0.08666666666666778
0.45111113333333286
0.4677777999999986
0.48222186666666644
1.049999999999999
0.16333333333333222
0.34777780000000114
0.9633333333333329
0.3266666666666671
0.0
0.2688888666666669
0.8755555333333325
0.08666666666666689
0.12444446666666842
0.06333333333333346
0.024444399999999256
0.09222219999999925
0.3055555333333331
0.13333333333333464
0.1355556
0.23111113333333222
0.0044444666666665356
0.2066666666666661
0.5755555333333326
0.11555553333333268
1.3877777999999994
1.0133333333333336
0.3899999999999997
0.6788888666666653
0.6833333333333345
0.06666666666666643
0.25333333333333297
0.4666666666666668
0.9399999999999995
0.30444446666666636
1.549999999999999
0.2400000000000002
0.5288888666666658
0.5800000000000001
0.13333333333333375
0.16000000000000014
0.3444444666666673
0.7377777999999999
0.1611111333333337
0.086666666666666
0.23666666666666725
0.31888893333333446
0.011111133333333356
0.1133333333333324
0.018888866666666004
0.17666666666666586
0.1011111333333341
0.4666666666666659
0.10000000000000053
0.4733333333333345
0.22888886666666686
0.2499999999999991
1.1800000000000006
0.206666666666667
0.40000000000000036
0.5166666666666666
0.9166666666666661
0.10999999999999943
0.053333333333334565
0.19333333333333247
0.1888888666666677
0.12444446666666753
0.29666666666666686
0.503333333333333
0.7733333333333325
0.28666666666666707
0.7622221999999992
0.6911111333333331
0.1733333333333329
0.5766666666666671
0.5788888666666656
0.0355555333333335
0.23888886666666664
0.3466666666666658
0.7033333333333323
0.1466666666666674
0.25444446666666654
0.10666666666666647
0.21222220000000025
0.4399996666666661
0.23666666666666636
0.8199999999999985
0.7766666666666682
0.3511111333333332
0.2211111333333342
0.31333333333333346
0.6933333333333325
0.09444446666666728
0.9511111333333337
0.5399999999999991
0.03999999999999826
0.20999999999999996
0.03666666666666618
0.06111113333333407
0.4011111333333339
0.31333333333333346
0.0011111333333335693
0.11888886666666654
0.2977778000000004
0.7000000000000002
0.9044444666666669
1.0666666666666673
0.09000000000000075
0.9688888666666662
0.2900000000000009
0.6000000000000014
0.4466666666666672
0.13222253333333445
0.753333333333333
0.2233333333333345
0.6177778000000007
0.8511111333333341
0.27777780000000174
0.4288889333333339
0.28999999999999915
0.2455556000000012
0.16111113333333282
0.07888886666666739
0.5288888666666667
0.5822218666666652
0.6566666666666672
0.1633333333333331
0.6066666666666665
0.08333333333333304
0.706666666666667
0.6366666666666667
0.14888886666666767
0.9122222000000004
0.23000000000000043
1.2555555333333324
1.0666666666666664
1.4166666666666652
0.4911111333333338
0.36444446666666686
0.16333333333333488
0.6544444666666669
0.8944443999999994
0.3200000000000003
0.32111113333333297
1.0855555333333333
0.33333333333333304
0.3355555333333333
0.4711111333333333
0.18777779999999833
0.30666666666666575
0.617777733333333
1.0177777999999993
0.614444466666666
0.4766665999999997
1.583333333333334
0.040000000000000036
0.1288889333333323
0.5911111333333334
0.4233332666666678
0.38111113333333346
0.673333333333332
0.5688889333333336
0.15555559999999957
0.3377777999999996
0.016666666666666607
0.34111113333333254
0.16888886666666636
0.10222219999999904
0.873333333333334
0.984444466666667
1.2700000000000005
0.7833333333333332
0.4211111333333344
0.6877778000000001
0.2622221999999992
0.24777779999999971
0.3466666666666667
0.04888886666666625
0.05333333333333368
1.0644444666666661
0.8066666666666675
0.4655555999999992
0.08444446666666572
0.7711111333333331
1.2444444000000008
1.1255555333333342
1.0888888666666663
1.2811111333333347
0.6088888666666659
0.28000000000000025
0.4133333333333331
0.3177778
0.6033333333333335
0.02333333333333254
0.24333333333333318
1.0933333333333337
0.040000000000000036
0.21222219999999936
0.4444444666666669
0.09222220000000014
0.336666666666666
0.8566666666666665
0.6188888666666665
0.3866666666666658
0.315555533333332
0.14999999999999947
0.04111113333333272
0.04444446666666746
0.04111113333333272
0.04111113333333272
0.6433333333333335
0.006666666666666821
0.06444446666666792
0.8600000000000003
0.01666666666666572
0.5166666666666657
0.42777746666666605
0.4066663333333329
0.006666666666666821
0.16111113333333282
0.2699999999999996
0.023333333333334316
1.0066666666666668
1.2544444666666674
0.15666666666666718
0.08999999999999897
1.583333333333334
0.3033333333333328
0.7400000000000002
0.6333336666666671
0.9855555333333337
0.24555553333333258
0.4422221999999998
1.6622222666666664
0.4577777999999997
0.6900000000000004
0.3533333333333344
1.0999996666666663
0.870000000000001
0.8799999999999999
1.1833333333333336
1.1133333333333342
0.7477777999999988
0.03000000000000025
1.2077777999999997
0.423333333333332
0.7477777999999997
0.8288889333333334
0.07555586666666692
