0.1999999999999993
0.1999999999999993
1.0
0.5
0.5999999999999996
0.39999999999999947
0.5999999999999996
1.0
0.5
0.20000000000000018
0.09999999999999964
0.0
1.0
1.0
0.1999999999999993
0.33333299999999966
0.40000000000000036
0.5999999999999996
1.25
0.25
2.0
1.0
0.5
0.0
0.5
2.5
0.8499999999999996
0.20000000000000018
0.09999999999999964
0.5
0.0
0.0
0.34999999999999964
0.40000000000000036
0.34999999999999964
0.7999999999999998
0.40000000000000036
0.0
0.40000000000000036
0.25
0.9499999999999993
0.7999999999999998
0.15000000000000036
1.2000000000000002
0.0
0.0
0.25
3.25
0.6666670000000003
0.0
0.8000000000000007
0.20000000000000018
0.20000000000000018
2.5999999999999996
0.0
0.20000000000000018
0.20000000000000018
0.0
0.5999999999999996
0.20000000000000018
0.0
0.34999999999999964
0.39999999999999947
0.75
0.0
0.40000000000000036
0.25
0.15000000000000036
0.40000000000000036
0.25
0.5
0.0
0.0
0.5
0.6666670000000003
1.1500000000000004
0.5999999999999996
1.1999999999999993
0.25
3.2
1.3333329999999997
2.0
0.7999999999999998
0.40000000000000036
0.20000000000000018
0.8000000000000007
0.40000000000000036
0.7999999999999998
0.33333299999999966
0.1999999999999993
0.7999999999999998
0.5999999999999996
0.5999999999999996
0.9000000000000004
0.5999999999999996
0.20000000000000018
0.4500000000000002
0.5999999999999996
0.8499999999999996
0.5
0.7999999999999998
0.75
0.40000000000000036
0.5999999999999996
1.0
1.25
1.5
1.1500000000000004
0.40000000000000036
1.2000000000000002
0.0
0.40000000000000036
0.20000000000000018
0.7999999999999998
0.20000000000000018
0.5
0.5999999999999996
0.5999999999999996
0.75
0.40000000000000036
0.0
0.40000000000000036
1.3499999999999996
0.5999999999999996
1.25
1.2000000000000002
0.1999999999999993
0.20000000000000018
1.0
1.0
1.1500000000000004
0.20000000000000018
0.34999999999999964
1.4000000000000004
0.15000000000000036
1.0833329999999997
1.0
0.4500000000000002
0.20000000000000018
0.40000000000000036
0.40000000000000036
0.5499999999999998
1.25
0.39999999999999947
1.1500000000000004
0.5999999999999996
0.5833329999999997
0.8000000000000007
0.0
0.75
0.25
0.20000000000000018
0.0
0.5
0.5
0.733333
1.0
0.09999999999999964
0.0
1.2000000000000002
0.5
0.0
0.0
1.0
0.0
0.0
0.0
0.0
0.0
0.25
0.04999999999999982
0.15000000000000036
0.04999999999999982
0.0
0.20000000000000018
1.0
0.0
1.0
1.0
0.40000000000000036
0.5999999999999996
0.5
0.0
0.04999999999999982
0.25
0.5999999999999996
0.7999999999999998
1.5999999999999996
0.40000000000000036
1.4000000000000004
0.5999999999999996
0.20000000000000018
0.20000000000000018
0.0
0.5
0.0
0.20000000000000018
0.6000000000000005
0.6000000000000005
0.20000000000000018
0.40000000000000036
0.20000000000000018
0.25
0.0
0.6500000000000004
0.40000000000000036
0.5
0.15000000000000036
0.6000000000000005
1.5
0.0
0.0
0.15000000000000036
0.5999999999999996
0.20000000000000018
0.6000000000000005
0.40000000000000036
0.20000000000000018
0.20000000000000018
0.20000000000000018
0.1999999999999993
1.1500000000000004
0.20000000000000018
0.5
0.09999999999999964
0.0
0.5999999999999996
0.5
0.20000000000000018
0.25
0.20000000000000018
0.9000000000000004
0.20000000000000018
0.0
0.0
0.0
0.33333299999999966
0.25
0.5
0.5499999999999998
0.0
0.25
0.15000000000000036
0.75
0.25
0.5
0.34999999999999964
0.25
0.25
0.04999999999999982
0.40000000000000036
0.5
0.20000000000000018
0.20000000000000018
0.5
0.0
0.7999999999999998
0.5999999999999996
1.4000000000000004
0.0
0.7999999999999998
0.25
0.40000000000000036
0.9000000000000004
0.16666700000000034
0.7999999999999998
0.0
0.09999999999999964
0.7999999999999998
0.40000000000000036
0.5999999999999996
0.39999999999999947
0.0
0.0
0.0
0.75
0.33333299999999966
0.5
0.5999999999999996
0.40000000000000036
0.0
0.75
0.40000000000000036
0.20000000000000018
0.7999999999999998
0.25
1.0
1.2000000000000002
1.5999999999999996
0.40000000000000036
0.20000000000000018
0.40000000000000036
0.5999999999999996
1.0
0.5999999999999996
0.25
0.5999999999999996
0.0
0.5
0.40000000000000036
0.5
0.0
0.5999999999999996
0.7999999999999998
0.5999999999999996
0.40000000000000036
1.1999999999999993
0.0
0.0
0.5999999999999996
0.20000000000000018
0.09999999999999964
0.39999999999999947
0.7999999999999998
0.0
1.0
0.20000000000000018
0.25
0.40000000000000036
0.40000000000000036
1.0
0.5999999999999996
1.4000000000000004
0.7999999999999998
0.5
0.5
0.20000000000000018
0.25
0.40000000000000036
0.40000000000000036
0.20000000000000018
1.5999999999999996
0.5999999999999996
0.5999999999999996
0.15000000000000036
0.7999999999999998
1.0
0.8499999999999996
0.5999999999999996
1.0
0.5499999999999998
0.25
0.5
0.20000000000000018
1.0
0.75
0.1999999999999993
1.1500000000000004
0.5499999999999998
0.39999999999999947
0.75
0.34999999999999964
0.7999999999999998
1.0
0.5999999999999996
0.6000000000000005
0.34999999999999964
0.39999999999999947
0.0
0.25
0.0
0.0
0.7999999999999998
0.0
0.0
1.0499999999999998
0.40000000000000036
0.20000000000000018
0.33333299999999966
0.33333299999999966
0.40000000000000036
0.25
0.40000000000000036
0.25
0.9000000000000004
1.0
0.0
0.0
1.5
0.0
0.5999999999999996
1.0666670000000007
1.0
0.20000000000000018
0.5
1.5999999999999996
0.34999999999999964
0.0
0.20000000000000018
1.3333329999999997
0.8499999999999996
1.0
1.0
1.4000000000000004
0.5999999999999996
0.40000000000000036
1.5999999999999996
0.15000000000000036
0.5999999999999996
0.5999999999999996
0.16666700000000034
